0
67
204
503
553
566
579
612
618
656
1
5
23
30
43
51
52
57
64
70
73
75
76
82
97
101
105
109
129
139
143
147
161
167
176
179
208
219
228
238
244
245
247
250
253
257
271
274
277
281
284
291
326
327
335
339
355
363
365
370
378
390
396
404
408
456
458
459
474
479
483
487
515
525
526
527
532
548
559
563
567
578
591
595
604
613
614
619
620
627
635
636
653
659
666
671
13
39
65
151
174
227
240
445
517
575
581
316
231
16
214
48
128
232
313
369
573
96
122
491
569
187
337
630
218
298
580
583
305
308
421
426
523
658
373
411
496
518
546
648
4
331
91
162
348
602
297
430
471
3
8
22
140
142
195
200
248
252
324
329
346
364
412
425
429
436
449
461
501
504
530
582
623
639
641
645
647
661
664
159
110
230
318
115
42
304
533
534
345
18
19
26
60
85
120
213
371
376
386
389
407
492
391
406
599
37
152
209
434
126
354
660
629
41
415
125
211
237
287
377
473
542
585
586
336
616
419
330
480
510
610
587
372
328
544
577
598
642
466
572
545
133
178
475
137
198
557
594
543
422
136
2
27
33
172
215
225
299
323
343
349
380
403
457
90
280
454
255
452
467
9
405
40
103
121
141
144
148
153
194
207
264
273
301
334
383
401
437
477
520
535
541
549
565
644
81
93
588
555
111
455
285
166
276
79
6
54
98
123
146
243
269
310
361
413
478
600
611
615
193
251
465
45
246
470
505
59
192
367
655
202
340
399
590
86
311
342
446
117
118
181
242
296
393
427
538
650
239
506
332
72
112
366
382
94
294
295
508
570
400
100
315
561
516
554
362
7
160
442
444
550
584
17
113
183
414
519
36
55
221
233
387
450
201
410
558
560
223
451
608
625
25
34
46
58
68
177
226
292
357
482
606
333
665
102
170
191
528
632
272
12
375
29
47
87
155
186
196
256
266
279
286
416
420
440
462
521
621
35
130
156
235
359
493
562
631
640
104
168
628
199
203
536
646
63
107
116
132
165
189
262
312
319
351
384
460
495
509
512
524
552
514
180
368
205
669
44
69
71
77
131
134
325
374
476
488
513
150
347
589
417
21
32
119
169
171
175
188
263
352
448
481
652
662
490
441
49
397
127
11
61
106
124
138
149
154
164
185
222
261
306
307
321
344
350
381
385
394
409
423
428
443
453
469
484
568
592
603
649
651
667
670
24
74
145
212
300
464
499
634
210
302
320
498
617
283
531
108
31
638
282
50
303
259
463
15
84
190
229
322
633
379
224
80
83
135
241
497
556
163
197
249
424
438
10
20
38
56
88
92
95
184
258
268
293
317
338
395
432
439
447
486
511
529
537
576
593
596
607
643
654
290
622
62
522
234
66
254
502
217
601
78
539
358
360
309
574
507
260
540
216
431
53
173
220
236
265
288
356
388
402
418
433
435
472
485
489
494
500
597
609
626
637
657
668
158
206
353
468
564
624
605
571
267
275
289
341
392
398
278
551
99
270
28
547
89
182
114
14
157
663
314
